*----PERMX
[3.34558419 4.47832779 4.23301154 4.48719412 5.         4.83347327
 4.52162968 4.43157179 4.05356543 3.37633407 2.88543593 3.31847679
 3.43985968 3.73667408 3.64647538 3.96986517 3.64835646 3.03437733
 3.13349882 3.49282945 3.2664652  3.32180434 3.37185208 2.53587914
 3.16564465 2.77329339 2.8785641  2.48002627 1.87113176 2.91097233]
[3.72606999 3.6461927  4.08066048 4.21275564 3.82581737 3.7063778
 3.77871886 3.56801559 3.52056347 3.35297087 2.66554746 2.81098572
 3.45308752 3.69857491 3.58650977 3.55239338 3.7262776  3.22780387
 3.74572641 4.38343079 4.22068671 4.70122952 3.0542837  3.14764642
 3.85979895 3.51355212 3.97008157 3.22959997 2.98654217 2.43235455]
[3.80991925 3.44227037 3.51834832 3.74266679 2.65874328 2.72657242
 2.66531118 3.11121706 3.17447932 1.92147205 2.18381481 2.60585094
 2.5671589  3.05920103 3.18033022 3.39993272 3.87788415 4.31689372
 3.54372148 4.32458194 5.         4.13277824 3.696921   3.39395433
 3.44531307 3.93286681 3.77151762 3.30328426 3.00648376 2.34658388]
[3.02045409 4.16024663 3.45008252 3.47807289 3.28737406 2.68285044
 3.75166879 3.08428218 2.2062996  3.23689777 2.12192136 1.7374564
 2.24702226 2.67952559 3.18578776 3.06548352 3.51820663 3.66806259
 3.9496569  4.52877814 4.84552764 4.24924512 3.60173565 3.65219221
 3.87030459 3.76355131 3.79989154 3.36292605 3.27482207 2.33655743]
[3.45295278 4.09359773 3.89832433 3.987511   4.29023188 2.95806536
 3.57275731 2.99580036 2.96373532 2.4085187  2.13279251 2.13314759
 2.26880446 2.65372163 3.00598514 2.70427138 4.15014875 3.64248869
 3.82856169 4.356078   4.4295774  4.69668623 3.06114297 3.18550211
 3.20316668 3.02457711 2.91564219 2.80922983 3.02606861 2.76353552]
[3.60282321 4.0953712  3.64166322 2.77990136 2.94921063 3.32873505
 2.5894646  1.9707547  1.92175447 1.56894682 1.65179467 2.05888955
 2.85362588 2.26005451 2.64084327 2.775558   3.6293015  3.87706509
 4.47624361 3.66203099 4.49935393 3.92973296 3.31475927 3.5383739
 2.86050299 2.51435663 2.1309175  2.10849137 2.87438382 2.76636926]
[3.21932314 3.51721925 3.45342783 2.92144444 2.18176589 2.09687391
 1.84477365 1.48106674 0.86677855 1.58118833 2.1201965  2.31114394
 3.08372861 2.77857282 3.12664375 3.03608251 4.08184722 4.59311793
 4.82863728 3.43933376 3.738485   3.40907663 3.85888201 3.29194118
 2.56599747 2.34634932 1.30976531 1.30997821 2.54568945 2.58415331]
[3.45276611 2.83348382 3.40293885 2.92737771 2.54223149 2.13228291
 1.67504478 1.18912776 1.1789348  1.3368423  1.65353383 2.83851007
 2.39357097 2.80184494 2.68886307 3.67561163 4.57995151 4.76136654
 4.38856403 3.42832717 3.43719197 3.10291408 3.49910303 2.84955337
 1.92450346 1.47661612 1.80094119 1.49371379 1.37953731 1.67196977]
[3.54958503 3.28164861 2.55929807 2.14302443 2.00725785 1.15700035
 0.83567133 0.98520611 1.05164554 0.5935866  1.51366675 1.55757559
 2.39990746 2.43827836 2.79395945 3.33955364 4.24540027 4.79742439
 4.55541181 3.94897724 3.15883641 3.40088135 3.96424381 2.56961712
 2.26823433 1.8056511  1.70589668 1.45761676 1.55498686 1.5720524 ]
[3.5984383  3.47071469 2.92215681 2.63477277 2.01803906 1.57848785
 1.43986218 1.38550091 1.54286012 1.5133504  2.16749193 2.15360065
 2.56460188 3.05027914 3.00261342 3.90906077 3.98945594 3.94523808
 4.87566253 4.35597805 3.54739657 3.65335677 3.78656862 2.63595579
 2.39880877 2.05908316 2.36995097 1.70674529 0.79699308 1.7936449 ]
[3.50290554 2.98726517 3.31137796 2.56143439 2.2321757  2.42121402
 1.85701122 1.7859051  1.79742531 2.24650704 2.24804468 1.9629598
 3.16628967 2.33684055 3.29580073 4.36404691 3.80456992 4.43245591
 4.2404694  4.40310602 4.73353316 4.06656503 2.93941334 2.418736
 2.4353763  1.67738811 1.32245261 1.50365239 1.074323   1.10538376]
[3.70344471 2.94101009 2.86825785 2.93957371 2.79712742 2.53155932
 2.73383628 2.62760321 2.18304965 2.0712571  2.83708221 2.61431283
 2.06435082 1.97713294 2.41121776 3.70156472 4.16138988 4.6325129
 4.13689265 3.93003933 3.77100482 4.1351762  3.63515151 2.48985951
 1.73994343 1.24276338 1.04014983 1.53460492 1.62427376 1.59106556]
[3.23770058 2.96982655 2.40699188 2.62771145 2.65179884 2.34964295
 2.94196234 2.3672955  2.25384499 1.97956495 2.19787614 1.83152555
 1.72576466 1.76454013 3.0093452  4.06789152 4.52646254 3.84982447
 3.87779436 4.23088464 3.91726325 3.77370046 3.45416201 1.25434037
 1.22766331 1.02694895 0.8713332  1.13432675 1.90266096 2.13828282]
[3.08536464 2.4609441  2.63496731 2.8624329  2.94288684 2.68291051
 1.77328545 2.10427913 1.84893392 2.23170274 1.9283333  1.6633457
 2.27976623 2.68615798 2.69838    3.62356801 4.05738044 4.48486766
 3.59666457 3.9562218  3.31740814 3.88642838 2.79331522 1.08279297
 0.78006922 0.55591131 1.26069736 1.25978139 2.29657101 2.29497394]
[2.76385054 2.51639189 2.60362827 3.27279571 3.02204008 3.00588629
 2.57496618 2.09611353 2.31232676 1.92571999 2.00027062 1.93354712
 1.56612345 1.36289611 2.03528517 2.59849939 3.42454364 4.76613665
 4.33296993 3.84703254 3.58933779 3.3706283  3.0424986  1.58619469
 0.67921077 0.5        1.70499287 1.9332282  1.93808625 2.17986686]
[3.06898605 2.77884703 3.03451908 3.20623953 2.59659623 2.88031046
 2.24526306 2.24626809 2.17233646 2.30126992 2.09414694 2.09957106
 1.24541699 1.54209849 1.62290115 2.36418943 2.77790478 3.35206243
 4.23096841 4.29958886 3.9235283  2.88227332 2.675217   1.98267499
 1.36270236 1.14861857 1.23848202 1.43962731 1.80506409 2.88301664]
[3.04823503 2.86361184 2.76364595 2.49535706 2.28502366 3.23271131
 3.09481544 2.17140029 1.96651485 2.32460091 1.58962598 1.7964991
 1.57651396 2.05731155 2.22341208 2.32620922 2.7713042  2.80475045
 3.69297313 3.46114683 3.11057936 2.16340947 1.89309143 1.60221132
 1.39781672 1.23839748 0.94204629 0.95912733 1.5898094  3.09179141]
[2.85300064 2.5240045  2.10902988 1.75775558 1.87083758 2.72522503
 2.98444029 2.85908747 2.35225068 2.1601692  1.78429585 1.26118092
 1.82590436 2.15050647 2.33932887 2.14914632 1.56839959 2.78481754
 3.02642702 1.96217422 2.48932778 1.47110777 1.91493241 1.29544299
 0.71253296 1.71102487 0.51317238 1.18839783 2.06081451 3.2199734 ]
[2.44478852 2.67876064 2.47083239 2.88695262 2.41376066 2.24944184
 2.83075675 2.34420776 2.50154249 1.70087688 0.94682635 1.0078676
 1.29281052 2.38010537 1.83814342 1.81328429 1.82489717 1.69551478
 2.13930297 1.49277601 1.91578369 1.27040439 1.14762365 0.5
 1.083557   0.92822411 1.29854885 1.39975    2.5537099  2.76586857]
[2.37068773 2.9112163  2.59232145 2.82133495 2.20694239 2.18944402
 2.10618445 2.21735794 2.38732683 1.86314514 1.85870677 1.72405307
 1.69716392 1.80097058 1.32482686 1.59756856 1.84646982 1.03831977
 1.58312467 1.48485996 1.41108784 1.68284201 1.55660281 1.6599932
 0.66262665 0.5        1.06491755 1.42679962 2.03053899 3.88183135]
[2.45780007 2.8710673  3.07682268 2.6567206  2.00274591 2.28442156
 3.06035708 2.97689144 2.37567837 1.72472466 1.82399114 1.82232316
 1.78398035 1.13518931 1.24348511 1.74500681 1.37358774 0.9833651
 0.97876454 0.5        1.5445688  1.69566507 1.2084713  1.05223463
 1.16487265 1.29034619 1.14513976 1.49397537 3.38245763 3.81012275]
[2.41221342 2.52134048 3.04594329 2.77742098 2.92917409 2.67943949
 3.73545977 3.43128097 3.00327004 2.45642058 1.83199956 1.15647335
 2.30960159 2.22287743 1.43567528 1.48391398 2.48936519 1.43234232
 1.59702378 0.98534842 1.63841588 1.4119099  1.40344089 1.88353753
 1.58316331 2.04620442 1.67009889 0.89907854 2.26487971 2.89434434]
[3.19459177 3.25685782 2.40774684 2.40382168 2.69292142 2.73081313
 2.78624314 2.96271864 2.06205642 2.15345476 1.72280365 1.80109901
 2.0900553  1.87485227 2.15964571 2.05725016 1.74665954 1.49234971
 2.24140659 1.7337246  1.4692948  0.96578906 0.7628435  2.28338745
 1.9503054  1.8049919  0.75501783 0.98341683 1.65438638 2.30840624]
[3.73156    2.98136824 2.11893785 2.61270253 2.61264812 2.76703542
 2.80391601 1.94614974 1.6296569  2.1641972  1.77518351 1.90282894
 2.50740333 2.0521033  2.6643584  2.01099922 1.78616603 2.05504788
 2.68384552 1.70602081 1.29762302 0.96955106 1.64424834 2.25879314
 1.74568978 1.49374394 0.60812222 1.45169322 1.91480823 2.03354991]
[2.25961696 2.73985407 2.54352039 2.5388435  2.78375667 2.05693193
 2.27155023 2.3418668  1.9932582  1.98109097 1.78145861 2.07569723
 1.98226071 1.60252815 2.72535966 2.71335266 2.05050299 2.47660897
 2.45236675 1.71295477 1.35969619 1.34241695 1.83069266 2.12727645
 2.48383187 2.2425175  1.73396747 1.7862973  2.08802169 2.98745211]
[1.36703797 1.54062365 2.37972855 2.44474425 2.41226767 2.61525138
 2.38998634 2.40310477 1.51985215 1.84830079 1.41927492 1.65526006
 1.90876224 2.25665768 2.79750188 3.14591862 3.2912577  2.48300911
 2.8114322  2.43782214 2.40635095 2.06154304 2.75725712 2.60980197
 2.8395909  2.02803947 1.95650977 1.19496707 1.90499995 2.55228683]
[1.48843142 1.89318993 1.86436004 1.94733275 2.19663682 2.26065289
 1.79099679 1.69743996 1.72182532 1.52911225 1.38572725 2.03630025
 1.94271941 2.6495286  2.65346335 3.21517652 3.15942079 3.35154911
 3.45635386 3.27099709 3.12821666 2.61479946 2.65466827 2.31765326
 3.17880959 2.46765355 1.89671722 1.49095085 1.3267002  2.16524695]
[1.48377708 1.81274594 1.81253324 2.14372488 2.30651041 1.81310023
 2.69339945 2.47974418 2.00277167 2.19802779 2.02168696 1.70909944
 2.46476898 2.39566616 2.8160808  3.46468353 3.85952017 4.57925595
 5.         4.82902718 5.         3.86613561 3.17895906 2.85160478
 3.04198902 1.72326794 1.14926282 0.9572527  1.86111836 1.3028993 ]
[1.80418768 1.41211164 1.86113981 1.69116489 2.28826039 2.29168733
 2.28183324 2.24314616 2.4826311  3.05401381 2.29490289 2.31908739
 2.64676136 2.94084716 3.36575039 4.04308583 4.30793865 5.
 5.         5.         5.         4.98939907 4.03628898 2.97860375
 2.39311912 1.81726355 1.35604037 1.24458848 1.78234498 2.14171249]
[2.08611752 1.70167601 2.06392793 2.28070253 1.89695292 2.75638338
 2.49050937 1.9351211  1.89714673 2.41334092 2.75234551 2.3739651
 2.33338664 2.87914891 4.20212806 3.99625625 4.34056466 5.
 4.35564088 3.92549982 4.54832688 3.67789807 2.52288969 2.83455855
 2.31910408 1.04672558 1.95562344 1.73040243 2.49089727 1.9113403 ]
